# Created by Octave 3.2.4. Wed Jul 29 01:58:47 2015 CEST <christian@PANDORA>
# name: Y
# type: matrix
# rows: 102
# columns: 1
0
1
1
0
1
1
1
1
1
1
1
1
0
1
1
1
1
1
0
0
1
1
1
1
1
1
0
0
0
1
1
1
1
1
1
1
0
0
0
0
0
0
1
1
0
0
0
1
1
1
1
1
1
1
0
0
0
1
1
1
1
1
1
1
1
1
1
0
0
1
1
1
1
1
1
1
1
0
0
0
0
0
1
1
1
1
0
0
1
1
1
1
0
1
1
1
1
0
1
1
1
