# Created by Octave 3.2.4. Wed Jul 29 01:58:47 2015 CEST <christian@PANDORA>
# name: hls
# type: matrix
# rows: 102
# columns: 4
 1 0 183 0
 1 165 160 3.1875
 1 68.275862069 71.5 155.1398601399
 1 206.3414634146 212 49.3160377358
 1 280 72.5 5.275862069
 1 112.5 101 10.099009901
 1 85.7142857143 52 240.2884615385
 1 79.1666666667 51 180
 1 202.5882352941 187.5 57.8
 1 247.2727272727 169.5 24.8230088496
 1 187.868852459 96.5 80.5958549223
 1 162.3529411765 76.5 85
 1 211.3043478261 217 27.0276497696
 1 199.4366197183 175.5 51.5811965812
 1 166.8 84 75.8928571429
 1 91.7647058824 35.5 183.1690140845
 1 86.6129032258 62 255
 1 81.8691588785 125.5 108.7051792829
 1 212.5531914894 82 146.1585365854
 1 211.25 90 136
 1 158.1818181818 21.5 65.2325581395
 1 60 211 1.2085308057
 1 353.275862069 78 189.6153846154
 1 79.6721311475 36.5 213.0821917808
 1 38.2978723404 89.5 66.9553072626
 1 71.1428571429 44 202.8409090909
 1 216.3157894737 177 27.3728813559
 1 211.0714285714 176 40.5681818182
 1 213.3333333333 172.5 33.2608695652
 1 87.2727272727 35.5 118.5211267606
 1 84.6428571429 33 216.3636363636
 1 133.3333333333 49 46.8367346939
 1 92.5 27 226.6666666667
 1 203.4782608696 128.5 22.8210116732
 1 38.7096774194 112.5 35.1333333333
 1 45.7894736842 103 47.0388349515
 1 211.8987341772 124.5 80.9036144578
 1 221.7391304348 196.5 14.9236641221
 1 210.3896103896 126.5 77.6086956522
 1 225 189 10.7936507937
 1 207.6923076923 88 75.3409090909
 1 205.7142857143 97.5 64.0769230769
 1 0 0 0
 1 189.2307692308 22.5 73.6666666667
 1 210.3370786517 190.5 59.5669291339
 1 210 198 46.3636363636
 1 209 185 41.3513513514
 1 80.3773584906 83 162.8313253012
 1 43.6363636364 78 107.8846153846
 1 40 110.5 3.4615384615
 1 41.8461538462 129.5 191.9884169884
 1 40.1470588235 130 133.3846153846
 1 35.3846153846 156.5 31.7731629393
 1 83.3333333333 36 255
 1 207.8571428571 195 36.6153846154
 1 207.8571428571 194 36.8041237113
 1 193.8461538462 187 35.4545454545
 1 181.1764705882 105.5 61.63507109
 1 162.2727272727 91 61.6483516484
 1 74.9019607843 76.5 255
 1 118.7234042553 87.5 68.4857142857
 1 80.8474576271 64 235.078125
 1 97.3770491803 48.5 160.3608247423
 1 120 13.5 255
 1 22.5 125 8.16
 1 43.9603960396 149 172.8523489933
 1 32 133.5 14.3258426966
 1 194.4 79.5 40.0943396226
 1 199.5348837209 56.5 97.0353982301
 1 34.5 177 57.6271186441
 1 55.5789473684 175.5 69.0170940171
 1 214.7368421053 41.5 58.3734939759
 1 208.8888888889 52.5 65.5714285714
 1 72 36.5 17.4657534247
 1 197.5 17 180
 1 228 35.5 17.9577464789
 1 192.4137931034 33.5 110.3731343284
 1 215 80 57.375
 1 214.2857142857 82 43.5365853659
 1 210 53 48.1132075472
 1 224 136.5 14.010989011
 1 220 105 21.8571428571
 1 31.5789473684 104 46.5865384615
 1 5.4545454545 120.5 11.6390041494
 1 56.511627907 61 179.7540983607
 1 333.9130434783 79.5 36.8867924528
 1 204.7619047619 39.5 203.3544303797
 1 194.2105263158 96 151.40625
 1 250 26 29.4230769231
 1 60 74 41.3513513514
 1 46.2295081967 40.5 192.037037037
 1 206.25 35 116.5714285714
 1 195.2112676056 121.5 74.5061728395
 1 202.2857142857 65.5 68.1297709924
 1 51.6666666667 60 153
 1 57.8048780488 104 100.5288461538
 1 160 53.5 35.7476635514
 1 207.9207920792 140.5 91.6548042705
 1 205.7142857143 170.5 5.2346041056
 1 136.3636363636 31.5 44.5238095238
 1 188.9655172414 104.5 106.1483253589
